252     G36477      275408 03197        100
252     G36478      801988 00689        100
252     G36479      801988 00689        100
252     G36480      801988 00689        100
252     G36481      801988 00689        100
252     G36482      801988 00689        100
252     G36483      801988 00689        100
252     G36484      801988 00689        100
252     G36485      801988 00689        100
252     G36486      801988 00689        100
252     G36487      801988 00689        100
252     G36488      811988 00689        100
252     G36489      811988 00689        100
252     G36490      701988 00689        100
252     G36491      801988 00689        100
252     G36492      801988 00689        100
252     G36493      751988 00689        100
252     G36494      751988 00689        100
252     G36495     7201988 00689        100
252     G36496     8201988 00689        100
252     G36497      801988 00689        100
252     G36498      701988 00689        100
252     G36499      701988 00689        100
252     G36500      701988 00689        100
252     G36501     1201988 00689        100
252     G36502      187654 02961        100
252     G36503       90150 03310        100
252     G36504      150000 01284        100
252     G36505      250000 01284        100
252     G36506      250000 01284        100
252     G36507      250000 01284        100
252     G36508      130000 01284        100
252     G36509      130000 01284        100
252     G36510      130007 03583        100
252     G36511      125311 03197        100
252     G36512      150721 03197        100
252     G36513      225424 03197        100
252     G36514      135000 02967        100
252     G36515      140909 00059        100
252     G36516      150007 03583        100
252     G36517      165000 02790        100
252     G36518      125000 02967        100
252     G36519      115000 01284        100
252     G36520      182400 02790        100
252     G36521      307505 02219        100
252     G36522       16505 02219        100
252     G36523      457505 02219        100
252     G36524      307505 02219        100
252     G36525      457505 02219        100
252     G36526      307505 02219        100
252     G36527      457505 02219        100
252     G36527      175909 00059        100
252     G36528      601524 02481        100
252     G36529      601524 02481        100
252     G36530       25909 00059        100
252     G36531       27909 00059        100
252     G36532      150909 00059        100
252     G36533      150909 00059        100
252     G36534     1067505 02219        100
252     G36534      582350 03247        100
252     G36535      582450 03247        100
252     G36536      110207 03026        100
252     G36537     1841626 03295         20
252     G36537     1841626 00078         80
252     G36538     1231224 03295         20
252     G36538     1231224 00078         80
252     G36539      800524 02481        100
252     G36540      615829 00078         80
252     G36540      615829 03295         20
252     G36541      625000 01284        100
252     G36542     4067505 02219        100
252     G36542     1102991 00059        100
252     G36542     1001321 02058         50
252     G36542     1001321 02481         50
252     G36542      593443 03026        100
252     G36543      827321 02481         50
252     G36543      827321 02058         50
252     G36544      583333 03295        100
252     G36545      583333 03295        100
252     G36546      800524 02481        100
252     G36547     1001988 00689        100
252     G36548      993929 03065         30
252     G36548      993929 02647         70
252     G36548      720000 02058        100
252     G36549     3493929 03065         30
252     G36549     3493929 02647         70
252     G36549     1800909 00059        100
252     G36549      720000 02058        100
252     G36550      172800 00730        100
252     G36551    10100991 00059        100
252     G36551     2000213 03362        100
252     G36551     1530623 02647        100
252     G36552     9003010 01500        100
252     G36552      583333 03295        100
252     G36553     6003010 01500        100
252     G36553      583333 03295        100
252     G36554      607505 02219        100
252     G36555      578933 03295        100
252     G36556     4567505 02219        100
252     G36557      625233 03295        100
252     G36558    24495776 02748        100
252     G36558     9596676 00689        100
252     G36558     2016001 03570         99
252     G36558     2016001 01999          1
252     G36558     1256250 03247        100
252     G36559      605524 02481        100
252     G36560      600524 02481        100
252     G36561      607505 02219        100
252     G36562      801988 00689        100
252     G36563      600524 02481        100
252     G36564     2067505 02219        100
252     G36565      651988 00689        100
252     G36566     1071933 02990       31.5
252     G36566     1071933 03247     9.5637
252     G36566     1071933 03295    58.9363
252     G36567      607505 02219        100
252     G36568     1601988 00689        100
252     G36569      651988 00689        100
252     G36570      651988 00689        100
252     G36571      651988 00689        100
252     G36572      800213 03362        100
252     G36573      800213 03362        100
252     G36574     1400213 03362        100
252     G36575     1400213 03362        100
252     G36576      810524 02481        100
252     G36577     1500213 03362        100
252     G36577      589909 00059        100
252     G36578      771988 00689        100
252     G36579      731988 00689        100
252     G36580      771988 00689        100
252     G36581      731988 00689        100
252     G36582      771988 00689        100
252     G36583      731988 00689        100
252     G36584      771988 00689        100
252     G36585      731988 00689        100
252     G36586      771988 00689        100
252     G36587      771988 00689        100
252     G36588      731988 00689        100
252     G36589      731988 00689        100
252     G36590      771988 00689        100
252     G36591      771988 00689        100
252     G36592      731988 00689        100
252     G36593      731988 00689        100
252     G36594      771988 00689        100
252     G36595      731988 00689        100
252     G36595      600524 02481        100
252     G36596      771988 00689        100
252     G36596      600524 02481        100
252     G36597      771988 00689        100
252     G36598      731988 00689        100
252     G36599      771988 00689        100
252     G36599      600524 02481        100
252     G36600      731988 00689        100
252     G36601      771988 00689        100
252     G36602      500000 01284        100
252     G36603      589909 00059        100
252     G36604      801988 00689        100
252     G36605      801988 00689        100
252     G36606      801988 00689        100
252     G36607      801988 00689        100
252     G36608      801988 00689        100
252     G36609      801988 00689        100
252     G36610      801988 00689        100
252     G36611      801988 00689        100
252     G36612      771988 00689        100
252     G36613      751988 00689        100
252     G36614      751988 00689        100
252     G36615      751988 00689        100
252     G36616      731988 00689        100
252     G36617      751988 00689        100
252     G36618      751988 00689        100
252     G36619      751988 00689        100
252     G36620      771988 00689        100
252     G36621      731988 00689        100
252     G36622      771988 00689        100
252     G36623        8000 01284        100
252     G36624     2016077 01999         10
252     G36624     2016077 02668         25
252     G36624     2016077 03570         50
252     G36624     2016077 03394         15
252     G36625     1537073 03026        100
252     G36625      800000 02058        100
252     G36626      175000 01284        100
252     G36627      200000 01284        100
252     G36628      150000 01284        100
252     G36629      755555 03570         60
252     G36629      755555 02668         25
252     G36629      755555 01999         15
252     G36630      300000 01284        100
252     G36631      300000 01284        100
252     G36632      600524 02481        100
252     G36633     1209776 02748        100
252     G36634      605524 02481        100
252     G36635      600524 02481        100
252     G36636      600524 02481        100
252     G36637      801988 00689        100
252     G36637      579450 03247        100
252     G36638      880524 02481        100
252     G36639      801988 00689        100
252     G36640      801988 00689        100
252     G36641      607505 02219        100
252     G36642      607505 02219        100
252     G36643     4100991 00059        100
252     G36643      607505 02219        100
252     G36644      500909 00059        100
252     G36645     1067505 02219        100
252     G36646     3025077 02668         25
252     G36646     3025077 03570         60
252     G36646     3025077 01999         15
252     G36646     1300991 00059        100
252     G36647      589909 00059        100
252     G36648      607505 02219        100
252     G36648      589909 00059        100
252     G36649     1307777 00078        100
252     G36649     1102909 00059        100
252     G36649      607505 02219        100
252     G36650      970909 00059        100
252     G36651      589909 00059        100
252     G36652      755024 02481         60
252     G36652      755024 02277         40
252     G36653      600000 02058        100
252     G36654     4311212 00078        100
252     G36654     1505024 02481         60
252     G36654     1505024 02277         40
252     G36654     1067505 02219        100
252     G36655      600000 02058        100
252     G36656      611555 03228      33.33
252     G36656      611555 02219      66.67
252     G36657      600213 03362        100
252     G36658      600213 03362        100
252     G36658      600000 02058        100
252     G36659      607505 02219        100
252     G36660      607505 02219        100
252     G36661      607505 02219        100
252     G36662      607505 02219        100
252     G36663      607505 02219        100
252     G36664      607505 02219        100
252     G36665      700524 02481        100
252     G36666      600524 02481        100
252     G36667     4096676 00689        100
252     G36668      651988 00689        100
252     G36669      651988 00689        100
252     G36670      650524 02481        100
252     G36671     1100524 02481        100
252     G36672      605524 02481        100
252     G36673      605524 02481        100
252     G36674      604623 02647         50
252     G36674      604623 01308         50
252     G36675     1650623 01308         50
252     G36675     1650623 02647         50
252     G36676      949623 01308         50
252     G36676      949623 02647         50
252     G36677      609993 03026        100
252     G36678      613784 03026        100
252     G36679      611884 03026        100
252     G36680      731988 00689        100
252     G36681      731988 00689        100
252     G36682      731988 00689        100
252     G36683      807524 02481        100
252     G36684      771988 00689        100
252     G36685      731988 00689        100
252     G36686      805524 02481        100
252     G36687      771988 00689        100
252     G36688      771988 00689        100
252     G36689      750000 02058        100
252     G36690      620000 02058        100
252     G36691      670000 02058        100
252     G36692      620000 02058        100
252     G36693      600213 03362        100
252     G36694     7000213 02748         50
252     G36694     7000213 03362         50
252     G36694     4067505 02219        100
252     G36695      607505 02219        100
252     G36696      607505 02219        100
252     G36697     1430837 00078        100
252     G36698      615829 00078        100
252     G36699      580057 03570         85
252     G36699      580057 01999         15
252     G36700      604801 01999         15
252     G36700      604801 03570         85
252     G36701      604801 01999         15
252     G36701      604801 03570         85
252     G36702     1430837 00078        100
252     G36703      604801 01999         15
252     G36703      604801 03570         85
